([1, 7, 17, 40], 4, 0.6544838373305527, 0.006142734917764919, 0.42728686332702637)
([1, 2, 5, 27], 4, 0.661053180396246, 0.0064425336369735445, 2.0258493423461914)
([2, 16, 29, 34], 4, 0.6623566214807091, 0.006636857827307405, 6.047307729721069)
([2, 17, 20, 25], 4, 0.6653284671532848, 0.009676976957813561, 12.774904251098633)
([2, 13, 22, 23], 4, 0.6671532846715329, 0.0069763206188436745, 56.28998255729675)
([2, 20, 23, 26], 4, 0.6675703858185611, 0.008407589049135012, 367.02269291877747)
([2, 23, 34, 38], 4, 0.6680917622523461, 0.008762226969153587, 409.0151801109314)
([2, 23, 40, 43], 4, 0.6681960375391032, 0.009537626758939842, 1461.6284515857697)
([1, 2, 23, 40], 4, 0.6684045881126173, 0.008464944209636048, 1484.1778643131256)
([4, 7, 10, 22, 29], 5, 0.6685088633993743, 0.005879314018356811, 2888.9279584884644)
([2, 7, 24, 25, 37], 5, 0.6686131386861314, 0.007326034648696702, 3584.6391298770905)
([2, 4, 9, 22, 23], 5, 0.6694473409801877, 0.008570261420628535, 3650.418224811554)
([2, 6, 7, 16, 25, 26], 6, 0.6696037539103232, 0.00824055204967221, 7621.384713888168)
([2, 8, 9, 18, 23, 31, 40], 7, 0.6698644421272159, 0.0075870572527971785, 11200.186421394348)
([2, 7, 23, 25, 29, 30, 40, 42], 8, 0.6699687174139729, 0.007855328036141484, 16842.115544319153)
([0, 4, 7, 19, 23, 24, 29, 37], 8, 0.6701772679874869, 0.0077795234425837145, 18126.088010549545)
([1, 2, 10, 13, 16, 25, 29, 36, 40], 9, 0.670177267987487, 0.008091251609829537, 21512.2567820549)
([2, 6, 10, 11, 13, 18, 22, 23, 26], 9, 0.6711678832116789, 0.0074213315704129024, 23853.002617836)
([0, 3, 4, 6, 7, 9, 10, 13, 22, 25, 28, 30, 34, 39], 14, 0.6714807090719499, 0.007116167607868427, 56898.27690577507)
([2, 5, 6, 8, 9, 10, 11, 13, 17, 21, 22, 23, 27, 28, 30, 31, 36, 41], 18, 0.671793534932221, 0.0073447488312036934, 103119.67863750458)
([0, 2, 5, 6, 8, 9, 10, 13, 14, 15, 18, 20, 22, 25, 26, 28, 29, 31, 35, 36, 37, 38], 22, 0.6720020855057351, 0.00719971584997527, 156915.08047628403)
